-80.000000
-79.554318
-79.108635
-78.662953
-78.217270
-77.771588
-77.325905
-76.880223
-76.434540
-75.988858
-75.543175
-75.097493
-74.651811
-74.206128
-73.760446
-73.314763
-72.869081
-72.423398
-71.977716
-71.532033
-71.086351
-70.640669
-70.194986
-69.749304
-69.303621
-68.857939
-68.412256
-67.966574
-67.520891
-67.075209
-66.629526
-66.183844
-65.738162
-65.292479
-64.846797
-64.401114
-63.955432
-63.509749
-63.064067
-62.618384
-62.172702
-61.727019
-61.281337
-60.835655
-60.389972
-59.944290
-59.498607
-59.052925
-58.607242
-58.161560
-57.715877
-57.270195
-56.824513
-56.378830
-55.933148
-55.487465
-55.041783
-54.596100
-54.150418
-53.704735
-53.259053
-52.813370
-52.367688
-51.922006
-51.476323
-51.030641
-50.584958
-50.139276
-49.693593
-49.247911
-48.802228
-48.356546
-47.910864
-47.465181
-47.019499
-46.573816
-46.128134
-45.682451
-45.236769
-44.791086
-44.345404
-43.899721
-43.454039
-43.008357
-42.562674
-42.116992
-41.671309
-41.225627
-40.779944
-40.334262
-39.888579
-39.442897
-38.997214
-38.551532
-38.105850
-37.660167
-37.214485
-36.768802
-36.323120
-35.877437
-35.431755
-34.986072
-34.540390
-34.094708
-33.649025
-33.203343
-32.757660
-32.311978
-31.866295
-31.420613
-30.974930
-30.529248
-30.083565
-29.637883
-29.192201
-28.746518
-28.300836
-27.855153
-27.409471
-26.963788
-26.518106
-26.072423
-25.626741
-25.181058
-24.735376
-24.289694
-23.844011
-23.398329
-22.952646
-22.506964
-22.061281
-21.615599
-21.169916
-20.724234
-20.278552
-19.832869
-19.387187
-18.941504
-18.495822
-18.050139
-17.604457
-17.158774
-16.713092
-16.267409
-15.821727
-15.376045
-14.930362
-14.484680
-14.038997
-13.593315
-13.147632
-12.701950
-12.256267
-11.810585
-11.364903
-10.919220
-10.473538
-10.027855
-9.582173
-9.136490
-8.690808
-8.245125
-7.799443
-7.353760
-6.908078
-6.462396
-6.016713
-5.571031
-5.125348
-4.679666
-4.233983
-3.788301
-3.342618
-2.896936
-2.451253
-2.005571
-1.559889
-1.114206
-0.668524
-0.222841
0.222841
0.668524
1.114206
1.559889
2.005571
2.451253
2.896936
3.342618
3.788301
4.233983
4.679666
5.125348
5.571031
6.016713
6.462396
6.908078
7.353760
7.799443
8.245125
8.690808
9.136490
9.582173
10.027855
10.473538
10.919220
11.364903
11.810585
12.256267
12.701950
13.147632
13.593315
14.038997
14.484680
14.930362
15.376045
15.821727
16.267409
16.713092
17.158774
17.604457
18.050139
18.495822
18.941504
19.387187
19.832869
20.278552
20.724234
21.169916
21.615599
22.061281
22.506964
22.952646
23.398329
23.844011
24.289694
24.735376
25.181058
25.626741
26.072423
26.518106
26.963788
27.409471
27.855153
28.300836
28.746518
29.192201
29.637883
30.083565
30.529248
30.974930
31.420613
31.866295
32.311978
32.757660
33.203343
33.649025
34.094708
34.540390
34.986072
35.431755
35.877437
36.323120
36.768802
37.214485
37.660167
38.105850
38.551532
38.997214
39.442897
39.888579
40.334262
40.779944
41.225627
41.671309
42.116992
42.562674
43.008357
43.454039
43.899721
44.345404
44.791086
45.236769
45.682451
46.128134
46.573816
47.019499
47.465181
47.910864
48.356546
48.802228
49.247911
49.693593
50.139276
50.584958
51.030641
51.476323
51.922006
52.367688
52.813370
53.259053
53.704735
54.150418
54.596100
55.041783
55.487465
55.933148
56.378830
56.824513
57.270195
57.715877
58.161560
58.607242
59.052925
59.498607
59.944290
60.389972
60.835655
61.281337
61.727019
62.172702
62.618384
63.064067
63.509749
63.955432
64.401114
64.846797
65.292479
65.738162
66.183844
66.629526
67.075209
67.520891
67.966574
68.412256
68.857939
69.303621
69.749304
70.194986
70.640669
71.086351
71.532033
71.977716
72.423398
72.869081
73.314763
73.760446
74.206128
74.651811
75.097493
75.543175
75.988858
76.434540
76.880223
77.325905
77.771588
78.217270
78.662953
79.108635
79.554318
80.000000
